30,0.22928,-0.064648,-0.21199,0.21607,0.0037945,-0.23,0.22985,0.0018657,-0.23473,0.23421
30.1,0.22906,-0.062392,-0.21344,0.21235,0.011896,-0.23427,0.22301,0.015841,-0.24169,0.22418
30.2,0.22884,-0.060149,-0.21481,0.20854,0.019898,-0.23816,0.2158,0.02962,-0.24774,0.21328
30.3,0.22862,-0.057919,-0.2161,0.20465,0.027793,-0.24166,0.20823,0.043171,-0.25288,0.20159
30.4,0.22839,-0.055701,-0.2173,0.20069,0.035576,-0.24478,0.20033,0.056462,-0.25711,0.18918
30.5,0.22816,-0.053497,-0.21843,0.19665,0.043242,-0.24753,0.19212,0.069462,-0.26044,0.17612
30.6,0.22793,-0.051305,-0.21949,0.19255,0.050785,-0.2499,0.18364,0.082145,-0.26287,0.16248
30.7,0.22769,-0.049127,-0.22047,0.18838,0.058201,-0.25191,0.17489,0.094484,-0.26443,0.14832
30.8,0.22745,-0.046963,-0.22137,0.18415,0.065485,-0.25356,0.16592,0.10646,-0.26513,0.13373
30.9,0.2272,-0.044812,-0.2222,0.17987,0.072633,-0.25485,0.15673,0.11804,-0.26498,0.11876
31,0.22695,-0.042674,-0.22296,0.17554,0.079642,-0.2558,0.14735,0.12921,-0.264,0.10348
31.1,0.2267,-0.04055,-0.22365,0.17116,0.086507,-0.2564,0.1378,0.13996,-0.26222,0.087976
31.2,0.22645,-0.03844,-0.22428,0.16674,0.093226,-0.25667,0.12811,0.15026,-0.25967,0.072296
31.3,0.22619,-0.036344,-0.22483,0.16228,0.099795,-0.25662,0.1183,0.1601,-0.25636,0.05651
31.4,0.22593,-0.034261,-0.22532,0.15778,0.10621,-0.25625,0.10838,0.16947,-0.25233,0.04068
31.5,0.22566,-0.032193,-0.22575,0.15325,0.11248,-0.25556,0.098384,0.17835,-0.2476,0.024866
31.6,0.22539,-0.030139,-0.22611,0.14869,0.11858,-0.25457,0.088322,0.18674,-0.2422,0.0091257
31.7,0.22512,-0.028098,-0.2264,0.1441,0.12453,-0.25329,0.078216,0.19463,-0.23617,-0.0064843
31.8,0.22485,-0.026072,-0.22664,0.13949,0.13032,-0.25172,0.068085,0.20201,-0.22954,-0.021911
31.9,0.22457,-0.02406,-0.22682,0.13486,0.13594,-0.24987,0.057947,0.20888,-0.22234,-0.037103
32,0.2243,-0.022062,-0.22635,0.13022,0.14141,-0.24775,0.04782,0.21523,-0.2146,-0.052013
32.1,0.22401,-0.020079,-0.22629,0.12556,0.1467,-0.24538,0.03772,0.22106,-0.20635,-0.066595
32.2,0.22373,-0.018109,-0.22698,0.12089,0.15184,-0.24275,0.027662,0.22637,-0.19764,-0.080807
32.3,0.22344,-0.016154,-0.22685,0.11621,0.15681,-0.23987,0.017664,0.23116,-0.18849,-0.094608
32.4,0.22315,-0.014213,-0.22691,0.11153,0.16161,-0.23676,0.0077394,0.23544,-0.17894,-0.10796
32.5,0.22286,-0.012287,-0.22693,0.10684,0.16625,-0.23343,-0.0020974,0.23919,-0.16903,-0.12083
32.6,0.22257,-0.010375,-0.22689,0.10215,0.17072,-0.22988,-0.011833,0.24243,-0.15878,-0.13319
32.7,0.22227,-0.0084767,-0.22681,0.097471,0.17503,-0.22612,-0.021453,0.24517,-0.14823,-0.14501
32.8,0.22198,-0.0065932,-0.22668,0.092792,0.17916,-0.22216,-0.030947,0.2474,-0.13743,-0.15626
32.9,0.22168,-0.004724,-0.22651,0.08812,0.18314,-0.21801,-0.040303,0.24913,-0.12639,-0.16691
33,0.22137,-0.0028691,-0.2263,0.083458,0.18695,-0.21368,-0.049509,0.25038,-0.11515,-0.17696
33.1,0.22107,-0.0010285,-0.22604,0.078806,0.19059,-0.20918,-0.058554,0.25115,-0.10374,-0.18638
33.2,0.22076,0.00079771,-0.22575,0.074168,0.19408,-0.20451,-0.06743,0.25144,-0.092206,-0.19515
33.3,0.22045,0.0026097,-0.22541,0.069544,0.1974,-0.19968,-0.076127,0.25127,-0.080565,-0.20327
33.4,0.22014,0.0044074,-0.22504,0.064938,0.20055,-0.19471,-0.084636,0.25066,-0.06885,-0.21072
33.5,0.21983,0.0061908,-0.22463,0.060351,0.20355,-0.1896,-0.092949,0.2496,-0.057092,-0.2175
33.6,0.21952,0.00796,-0.22419,0.055785,0.20639,-0.18436,-0.10106,0.24811,-0.045318,-0.2236
33.7,0.2192,0.009715,-0.22371,0.05124,0.20907,-0.179,-0.10896,0.2462,-0.033556,-0.22901
33.8,0.21889,0.011456,-0.2232,0.04672,0.2116,-0.17352,-0.11664,0.24389,-0.021833,-0.23375
33.9,0.21857,0.013183,-0.22266,0.042225,0.21397,-0.16793,-0.1241,0.24119,-0.010174,-0.2378
34,0.21825,0.014895,-0.2221,0.037758,0.21619,-0.16225,-0.13133,0.23811,0.0013951,-0.24118
34.1,0.21792,0.016594,-0.2215,0.033318,0.21825,-0.15648,-0.13833,0.23466,0.012852,-0.24388
34.2,0.2176,0.018278,-0.22088,0.028909,0.22017,-0.15062,-0.14509,0.23086,0.024173,-0.24591
34.3,0.21728,0.019948,-0.22024,0.02453,0.22194,-0.14468,-0.15162,0.22672,0.035337,-0.24729
34.4,0.21695,0.021605,-0.21958,0.020184,0.22357,-0.13868,-0.15789,0.22226,0.046323,-0.24802
34.5,0.21662,0.023247,-0.2189,0.015871,0.22505,-0.13261,-0.16392,0.21748,0.057113,-0.24811
34.6,0.21629,0.024876,-0.21819,0.011593,0.22639,-0.12648,-0.16971,0.21241,0.067687,-0.24758
34.7,0.21596,0.026491,-0.21748,0.0073509,0.22759,-0.12031,-0.17524,0.20706,0.078028,-0.24644
34.8,0.21563,0.028092,-0.21675,0.0031453,0.22865,-0.1141,-0.18051,0.20144,0.088119,-0.2447
34.9,0.2153,0.029679,-0.216,-0.0010227,0.22957,-0.10785,-0.18554,0.19557,0.097947,-0.24239
35,0.21497,0.031253,-0.21525,-0.0051521,0.23037,-0.10157,-0.1903,0.18946,0.1075,-0.23952
35.1,0.21463,0.032813,-0.21448,-0.009242,0.23103,-0.095269,-0.19482,0.18313,0.11675,-0.23611
35.2,0.2143,0.03436,-0.2137,-0.013292,0.23156,-0.08895,-0.19907,0.17658,0.12571,-0.23218
35.3,0.21396,0.035893,-0.21292,-0.0173,0.23197,-0.082618,-0.20307,0.16985,0.13434,-0.22774
35.4,0.21362,0.037412,-0.21213,-0.021267,0.23226,-0.076281,-0.20682,0.16293,0.14266,-0.22283
35.5,0.21328,0.038918,-0.21133,-0.025191,0.23242,-0.069942,-0.21031,0.15584,0.15064,-0.21745
35.6,0.21294,0.040411,-0.21052,-0.029072,0.23246,-0.063609,-0.21355,0.1486,0.15827,-0.21164
35.7,0.2126,0.04189,-0.2097,-0.03291,0.23239,-0.057285,-0.21654,0.14121,0.16556,-0.20541
35.8,0.21226,0.043357,-0.20887,-0.036703,0.2322,-0.050975,-0.21928,0.13371,0.17249,-0.19879
35.9,0.21192,0.04481,-0.20804,-0.040451,0.2319,-0.044685,-0.22177,0.12608,0.17906,-0.19179
36,0.21158,0.04625,-0.20719,-0.044154,0.23148,-0.038419,-0.22402,0.11836,0.18527,-0.18445
36.1,0.21123,0.047677,-0.20632,-0.047812,0.23097,-0.032181,-0.22602,0.11055,0.1911,-0.17678
36.2,0.21089,0.049091,-0.20545,-0.051423,0.23034,-0.025975,-0.22779,0.10267,0.19657,-0.16881
36.3,0.21054,0.050492,-0.20456,-0.054988,0.22962,-0.019807,-0.22932,0.094719,0.20165,-0.16057
36.4,0.2102,0.051881,-0.20366,-0.058505,0.22879,-0.013679,-0.23061,0.08672,0.20637,-0.15206
36.5,0.20985,0.053256,-0.20275,-0.061976,0.22787,-0.0075957,-0.23167,0.078681,0.2107,-0.14332
36.6,0.2095,0.054619,-0.20182,-0.065399,0.22685,-0.0015606,-0.23251,0.070615,0.21466,-0.13438
36.7,0.20915,0.05597,-0.20087,-0.068775,0.22574,0.0044229,-0.23312,0.062531,0.21825,-0.12524
36.8,0.20881,0.057307,-0.19992,-0.072102,0.22453,0.010351,-0.23351,0.054442,0.22146,-0.11594
36.9,0.20846,0.058633,-0.19895,-0.075382,0.22324,0.016222,-0.23368,0.046357,0.2243,-0.10649
37,0.20811,0.059946,-0.19796,-0.078613,0.22186,0.02203,-0.23365,0.038286,0.22677,-0.09692
37.1,0.20776,0.061246,-0.19697,-0.081796,0.2204,0.027775,-0.2334,0.03024,0.22887,-0.08725
37.2,0.20741,0.062535,-0.19595,-0.08493,0.21886,0.033453,-0.23295,0.022227,0.23061,-0.077499
37.3,0.20706,0.063811,-0.19493,-0.088016,0.21724,0.039061,-0.2323,0.014257,0.232,-0.067687
37.4,0.2067,0.065075,-0.19389,-0.091053,0.21554,0.044597,-0.23146,0.0063396,0.23303,-0.057835
37.5,0.20635,0.066327,-0.19284,-0.094041,0.21377,0.050058,-0.23043,-0.0015179,0.23371,-0.047962
37.6,0.206,0.067567,-0.19177,-0.09698,0.21192,0.055442,-0.22921,-0.0093069,0.23405,-0.038087
37.7,0.20565,0.068796,-0.1907,-0.099871,0.21001,0.060748,-0.22781,-0.017019,0.23405,-0.028228
37.8,0.20529,0.070012,-0.18961,-0.10271,0.20803,0.065973,-0.22623,-0.024648,0.23372,-0.018402
37.9,0.20494,0.071217,-0.18851,-0.10551,0.20598,0.071115,-0.22448,-0.032186,0.23307,-0.0086267
38,0.20459,0.07241,-0.18739,-0.10825,0.20387,0.076172,-0.22256,-0.039625,0.2321,0.0010811
38.1,0.20423,0.073591,-0.18627,-0.11095,0.2017,0.081143,-0.22048,-0.04696,0.23082,0.010706
38.2,0.20388,0.074761,-0.18513,-0.1136,0.19947,0.086027,-0.21825,-0.054185,0.22925,0.020232
38.3,0.20353,0.07592,-0.18399,-0.1162,0.19718,0.090821,-0.21586,-0.061292,0.22737,0.029645
38.4,0.20317,0.077067,-0.18283,-0.11875,0.19483,0.095525,-0.21332,-0.068278,0.22522,0.038931
38.5,0.20282,0.078203,-0.18167,-0.12125,0.19244,0.10014,-0.21064,-0.075135,0.22278,0.048076
38.6,0.20246,0.079328,-0.18049,-0.12371,0.18999,0.10466,-0.20782,-0.08186,0.22008,0.057068
38.7,0.20211,0.080442,-0.1793,-0.12612,0.18749,0.10908,-0.20487,-0.088448,0.21711,0.065894
38.8,0.20175,0.081544,-0.17811,-0.12848,0.18495,0.11341,-0.20179,-0.094894,0.21389,0.074544
38.9,0.2014,0.082636,-0.1769,-0.13079,0.18236,0.11765,-0.19859,-0.10119,0.21043,0.083005
39,0.20104,0.083717,-0.17569,-0.13306,0.17973,0.12179,-0.19526,-0.10734,0.20674,0.091269
39.1,0.20069,0.084787,-0.17447,-0.13528,0.17705,0.12583,-0.19183,-0.11334,0.20282,0.099325
39.2,0.20033,0.085846,-0.17324,-0.13745,0.17434,0.12977,-0.18828,-0.11918,0.19869,0.10716
39.3,0.19998,0.086894,-0.172,-0.13958,0.17159,0.13362,-0.18463,-0.12486,0.19435,0.11478
39.4,0.19962,0.087932,-0.17076,-0.14166,0.1688,0.13737,-0.18088,-0.13038,0.18981,0.12216
39.5,0.19927,0.08896,-0.16951,-0.14369,0.16598,0.14102,-0.17703,-0.13574,0.18509,0.1293
39.6,0.19891,0.089977,-0.16825,-0.14568,0.16313,0.14457,-0.1731,-0.14093,0.18018,0.1362
39.7,0.19856,0.090983,-0.16698,-0.14763,0.16024,0.14802,-0.16907,-0.14594,0.17511,0.14284
39.8,0.1982,0.09198,-0.16571,-0.14953,0.15733,0.15138,-0.16497,-0.15079,0.16987,0.14923
39.9,0.19785,0.092966,-0.16443,-0.15138,0.15439,0.15463,-0.16079,-0.15547,0.16449,0.15535
40,0.19749,0.093942,-0.16315,-0.1532,0.15142,0.15778,-0.15653,-0.15997,0.15896,0.1612
40.1,0.19714,0.094908,-0.16186,-0.15496,0.14843,0.16084,-0.15221,-0.1643,0.1533,0.16679
40.2,0.19678,0.095864,-0.16056,-0.15669,0.14542,0.1638,-0.14782,-0.16845,0.14751,0.1721
40.3,0.19643,0.09681,-0.15926,-0.15837,0.14238,0.16665,-0.14337,-0.17243,0.14161,0.17714
40.4,0.19607,0.097747,-0.15795,-0.16,0.13933,0.16941,-0.13886,-0.17623,0.1356,0.18189
40.5,0.19572,0.098673,-0.15664,-0.1616,0.13625,0.17208,-0.13431,-0.17985,0.12949,0.18637
40.6,0.19537,0.09959,-0.15533,-0.16315,0.13316,0.17464,-0.1297,-0.1833,0.1233,0.19056
40.7,0.19501,0.1005,-0.15401,-0.16466,0.13005,0.17711,-0.12506,-0.18656,0.11702,0.19448
40.8,0.19466,0.1014,-0.15268,-0.16613,0.12693,0.17948,-0.12037,-0.18966,0.11067,0.19811
40.9,0.1943,0.10228,-0.15136,-0.16756,0.1238,0.18175,-0.11564,-0.19257,0.10425,0.20145
41,0.19395,0.10316,-0.15003,-0.16895,0.12065,0.18393,-0.11088,-0.19531,0.097781,0.20452
41.1,0.1936,0.10403,-0.14869,-0.1703,0.1175,0.18601,-0.1061,-0.19788,0.09126,0.2073
41.2,0.19325,0.10489,-0.14735,-0.1716,0.11433,0.188,-0.10128,-0.20027,0.084697,0.20981
41.3,0.19289,0.10574,-0.14601,-0.17287,0.11116,0.1899,-0.09645,-0.20249,0.078102,0.21203
41.4,0.19254,0.10659,-0.14467,-0.1741,0.10798,0.1917,-0.091597,-0.20454,0.071479,0.21398
41.5,0.19219,0.10742,-0.14332,-0.17529,0.10479,0.19341,-0.086729,-0.20641,0.064838,0.21565
41.6,0.19184,0.10824,-0.14197,-0.17644,0.1016,0.19503,-0.081849,-0.20812,0.058185,0.21706
41.7,0.19148,0.10906,-0.14062,-0.17756,0.09841,0.19655,-0.07696,-0.20966,0.051527,0.21819
41.8,0.19113,0.10986,-0.13927,-0.17863,0.095214,0.19799,-0.072065,-0.21104,0.044871,0.21906
41.9,0.19078,0.11066,-0.13792,-0.17967,0.092017,0.19934,-0.067168,-0.21225,0.038223,0.21966
42,0.19043,0.11145,-0.13656,-0.18067,0.08882,0.2006,-0.062271,-0.21329,0.03159,0.22001
42.1,0.19008,0.11223,-0.1352,-0.18164,0.085624,0.20178,-0.057378,-0.21418,0.024977,0.2201
42.2,0.18973,0.113,-0.13384,-0.18257,0.082429,0.20287,-0.05249,-0.21491,0.018391,0.21995
42.3,0.18938,0.11377,-0.13248,-0.18346,0.079237,0.20387,-0.047611,-0.21548,0.011838,0.21954
42.4,0.18903,0.11452,-0.13112,-0.18234,0.076049,0.20479,-0.042744,-0.2159,0.0053225,0.2189
42.5,0.18868,0.11527,-0.12976,-0.1831,0.072866,0.20562,-0.03789,-0.21617,-0.001149,0.21802
42.6,0.18834,0.11601,-0.1284,-0.18406,0.069687,0.20638,-0.033053,-0.21628,-0.0075715,0.21691
42.7,0.18799,0.11674,-0.12703,-0.18487,0.066515,0.20705,-0.028235,-0.21625,-0.01394,0.21557
42.8,0.18764,0.11746,-0.12567,-0.18565,0.06335,0.20764,-0.023438,-0.21608,-0.02025,0.21401
42.9,0.18729,0.11818,-0.1243,-0.18639,0.060193,0.20816,-0.018664,-0.21576,-0.026496,0.21223
43,0.18695,0.11888,-0.12294,-0.18711,0.057045,0.2086,-0.013917,-0.21531,-0.032674,0.21025
43.1,0.1866,0.11958,-0.12158,-0.18779,0.053906,0.20896,-0.0091969,-0.21471,-0.038779,0.20806
43.2,0.18625,0.12027,-0.12021,-0.18843,0.050777,0.20924,-0.004507,-0.21399,-0.044808,0.20567
43.3,0.18591,0.12095,-0.11885,-0.18905,0.047659,0.20945,0.00015087,-0.21313,-0.050757,0.20308
43.4,0.18556,0.12163,-0.11749,-0.18964,0.044553,0.20959,0.0047749,-0.21214,-0.056621,0.20031
43.5,0.18522,0.1223,-0.11613,-0.1902,0.041459,0.20965,0.0093633,-0.21103,-0.062396,0.19736
43.6,0.18487,0.12296,-0.11476,-0.19072,0.038377,0.20964,0.013914,-0.20979,-0.068081,0.19424
43.7,0.18453,0.12361,-0.1134,-0.19122,0.03531,0.20957,0.018426,-0.20844,-0.073671,0.19094
43.8,0.18419,0.12425,-0.11204,-0.19169,0.032256,0.20942,0.022897,-0.20696,-0.079163,0.18748
43.9,0.18384,0.12489,-0.11069,-0.19213,0.029217,0.20921,0.027325,-0.20537,-0.084554,0.18387
44,0.1835,0.12552,-0.10933,-0.19254,0.026193,0.20893,0.031709,-0.20367,-0.089841,0.18011
44.1,0.18316,0.12614,-0.10797,-0.19293,0.023185,0.20859,0.036048,-0.20186,-0.095023,0.1762
44.2,0.18282,0.12676,-0.10662,-0.19328,0.020194,0.20818,0.04034,-0.19995,-0.1001,0.17215
44.3,0.18248,0.12737,-0.10527,-0.19361,0.017219,0.20771,0.044584,-0.19793,-0.10506,0.16797
44.4,0.18213,0.12797,-0.10392,-0.19392,0.014262,0.20718,0.048779,-0.19581,-0.10991,0.16366
44.5,0.18179,0.12856,-0.10257,-0.19419,0.011322,0.20658,0.052923,-0.19359,-0.11464,0.15924
44.6,0.18146,0.12915,-0.10122,-0.19445,0.0084009,0.20593,0.057015,-0.19128,-0.11926,0.1547
44.7,0.18112,0.12973,-0.099878,-0.19467,0.0054983,0.20522,0.061054,-0.18888,-0.12376,0.15005
44.8,0.18078,0.1303,-0.098535,-0.19487,0.002615,0.20445,0.065039,-0.18639,-0.12813,0.1453
44.9,0.18044,0.13087,-0.097195,-0.19505,-0.00024881,0.20363,0.068969,-0.18381,-0.13239,0.14046
45,0.1801,0.13143,-0.095857,-0.1952,-0.0030927,0.20275,0.072844,-0.18115,-0.13653,0.13553
45.1,0.17977,0.13198,-0.094522,-0.19533,-0.0059162,0.20182,0.076661,-0.17842,-0.14054,0.13051
45.2,0.17943,0.13253,-0.093189,-0.19543,-0.008719,0.20083,0.080421,-0.1756,-0.14442,0.12542
45.3,0.17909,0.13307,-0.091858,-0.19551,-0.011501,0.1998,0.084123,-0.17271,-0.14818,0.12025
45.4,0.17876,0.13361,-0.090531,-0.19557,-0.014261,0.19871,0.087766,-0.16975,-0.15181,0.11502
45.5,0.17842,0.13413,-0.089206,-0.19561,-0.017,0.19758,0.091349,-0.16672,-0.15532,0.10973
45.6,0.17809,0.13465,-0.087884,-0.19563,-0.019717,0.1964,0.094871,-0.16362,-0.1587,0.10438
45.7,0.17776,0.13517,-0.086565,-0.19562,-0.022411,0.19517,0.098333,-0.16046,-0.16195,0.098982
45.8,0.17742,0.13568,-0.085248,-0.19559,-0.025083,0.1939,0.10173,-0.15724,-0.16507,0.093541
45.9,0.17709,0.13618,-0.083935,-0.19554,-0.027732,0.19258,0.10507,-0.15396,-0.16806,0.088061
46,0.17676,0.13668,-0.082626,-0.19547,-0.030358,0.19121,0.10835,-0.15063,-0.17093,0.082548
46.1,0.17643,0.13717,-0.081319,-0.19538,-0.032961,0.18981,0.11156,-0.14725,-0.17366,0.077007
46.2,0.1761,0.13765,-0.080016,-0.19527,-0.03554,0.18836,0.11471,-0.14381,-0.17627,0.071443
46.3,0.17577,0.13813,-0.078716,-0.19515,-0.038096,0.18688,0.11779,-0.14033,-0.17875,0.06586
46.4,0.17544,0.1386,-0.077419,-0.195,-0.040627,0.18535,0.12082,-0.13681,-0.1811,0.060264
46.5,0.17511,0.13906,-0.076126,-0.19484,-0.043135,0.18379,0.12377,-0.13324,-0.18333,0.054659
46.6,0.17478,0.13952,-0.074837,-0.19465,-0.045618,0.18219,0.12667,-0.12963,-0.18542,0.04905
46.7,0.17445,0.13998,-0.073551,-0.19445,-0.048077,0.18056,0.1295,-0.12598,-0.1874,0.043442
46.8,0.17412,0.14043,-0.072269,-0.19423,-0.050511,0.17888,0.13226,-0.12231,-0.18924,0.037838
46.9,0.1738,0.14087,-0.070991,-0.194,-0.05292,0.17718,0.13496,-0.11859,-0.19096,0.032244
47,0.17347,0.14131,-0.069717,-0.19375,-0.055305,0.17544,0.1376,-0.11485,-0.19256,0.026663
47.1,0.17315,0.14174,-0.068446,-0.19348,-0.057664,0.17367,0.14017,-0.11108,-0.19403,0.021099
47.2,0.17282,0.14217,-0.067179,-0.1932,-0.059999,0.17187,0.14267,-0.10729,-0.19538,0.015558
47.3,0.1725,0.14259,-0.065916,-0.1929,-0.062308,0.17004,0.14511,-0.10347,-0.19661,0.010041
47.4,0.17217,0.143,-0.064658,-0.19259,-0.064592,0.16818,0.14749,-0.09963,-0.19771,0.0045541
47.5,0.17185,0.14341,-0.063403,-0.19226,-0.06685,0.1663,0.1498,-0.095773,-0.1987,-0.00090016
47.6,0.17153,0.14382,-0.062152,-0.19192,-0.069083,0.16438,0.15205,-0.091898,-0.19957,-0.006318
47.7,0.17121,0.14422,-0.060906,-0.19156,-0.071291,0.16244,0.15423,-0.088009,-0.20032,-0.011696
47.8,0.17089,0.14461,-0.059664,-0.1912,-0.073473,0.16048,0.15635,-0.084108,-0.20096,-0.017031
47.9,0.17057,0.145,-0.058426,-0.19082,-0.075629,0.15849,0.1584,-0.080196,-0.20149,-0.022319
48,0.17025,0.14538,-0.057192,-0.19042,-0.077759,0.15647,0.16039,-0.076275,-0.2019,-0.027558
48.1,0.16993,0.14576,-0.055963,-0.19002,-0.079864,0.15444,0.16232,-0.072348,-0.2022,-0.032744
48.2,0.16961,0.14613,-0.054738,-0.18961,-0.081943,0.15238,0.16418,-0.068416,-0.20239,-0.037875
48.3,0.16929,0.1465,-0.053517,-0.18918,-0.083997,0.1503,0.16598,-0.064482,-0.20247,-0.042948
48.4,0.16897,0.14687,-0.052301,-0.18874,-0.086024,0.1482,0.16772,-0.060546,-0.20244,-0.04796
48.5,0.16866,0.14722,-0.051089,-0.1883,-0.088026,0.14608,0.16939,-0.056611,-0.20231,-0.052909
48.6,0.16834,0.14758,-0.049882,-0.18785,-0.090002,0.14395,0.171,-0.052678,-0.20207,-0.057791
48.7,0.16803,0.14793,-0.048679,-0.18738,-0.091953,0.14179,0.17255,-0.04875,-0.20174,-0.062606
48.8,0.16771,0.14827,-0.047481,-0.18691,-0.093877,0.13962,0.17404,-0.044827,-0.2013,-0.06735
48.9,0.1674,0.14861,-0.046288,-0.18643,-0.095776,0.13744,0.17547,-0.040911,-0.20076,-0.072021
49,0.16708,0.14895,-0.045099,-0.18595,-0.097649,0.13524,0.17684,-0.037005,-0.20013,-0.076617
49.1,0.16677,0.14928,-0.043914,-0.18545,-0.099496,0.13302,0.17814,-0.033109,-0.1994,-0.081137
49.2,0.16646,0.1496,-0.042735,-0.18495,-0.10132,0.13079,0.17939,-0.029224,-0.19858,-0.085579
49.3,0.16615,0.14992,-0.04156,-0.18445,-0.10311,0.12855,0.18058,-0.025354,-0.19766,-0.08994
49.4,0.16584,0.15024,-0.04039,-0.18393,-0.10489,0.12629,0.18171,-0.021498,-0.19666,-0.09422
49.5,0.16553,0.15055,-0.039224,-0.18341,-0.10663,0.12403,0.18278,-0.017658,-0.19557,-0.098416
49.6,0.16522,0.15086,-0.038064,-0.18289,-0.10835,0.12175,0.18379,-0.013836,-0.19439,-0.10253
49.7,0.16491,0.15116,-0.036908,-0.18236,-0.11004,0.11946,0.18474,-0.010033,-0.19312,-0.10655
49.8,0.1646,0.15146,-0.035757,-0.18182,-0.11171,0.11717,0.18564,-0.0062495,-0.19178,-0.11049
49.9,0.16429,0.15175,-0.034611,-0.18128,-0.11336,0.11486,0.18648,-0.0024876,-0.19035,-0.11434
50,0.16399,0.15204,-0.033469,-0.18073,-0.11498,0.11255,0.18727,0.0012517,-0.18885,-0.1181
50.1,0.16368,0.15233,-0.032333,-0.18018,-0.11657,0.11023,0.188,0.0049675,-0.18726,-0.12177
50.2,0.16337,0.15261,-0.031201,-0.17961,-0.11814,0.1079,0.18868,0.0086584,-0.18561,-0.12534
50.3,0.16307,0.15289,-0.030075,-0.17905,-0.11968,0.10556,0.1893,0.012323,-0.18387,-0.12883
50.4,0.16276,0.15316,-0.028953,-0.17847,-0.1212,0.10323,0.18987,0.015962,-0.18207,-0.13222
50.5,0.16246,0.15343,-0.027836,-0.17789,-0.1227,0.10088,0.19038,0.019572,-0.1802,-0.13551
50.6,0.16216,0.15369,-0.026724,-0.17731,-0.12417,0.098532,0.19084,0.023153,-0.17826,-0.13872
50.7,0.16186,0.15395,-0.025617,-0.17671,-0.12561,0.096179,0.19126,0.026705,-0.17625,-0.14182
50.8,0.16155,0.15421,-0.024515,-0.17611,-0.12703,0.093823,0.19162,0.030225,-0.17418,-0.14483
50.9,0.16125,0.15447,-0.023418,-0.17551,-0.12843,0.091465,0.19192,0.033714,-0.17205,-0.14775
51,0.16095,0.15471,-0.022326,-0.17489,-0.1298,0.089104,0.19218,0.037171,-0.16985,-0.15057
51.1,0.16065,0.15496,-0.021239,-0.17427,-0.13115,0.086741,0.19239,0.040594,-0.1676,-0.15329
51.2,0.16035,0.1552,-0.020157,-0.17365,-0.13247,0.084378,0.19255,0.043984,-0.16529,-0.15591
51.3,0.16006,0.15544,-0.01908,-0.17301,-0.13378,0.082014,0.19267,0.047338,-0.16293,-0.15844
51.4,0.15976,0.15567,-0.018008,-0.17237,-0.13505,0.07965,0.19273,0.050657,-0.16051,-0.16087
51.5,0.15946,0.1559,-0.016941,-0.17173,-0.13631,0.077286,0.19275,0.05394,-0.15805,-0.16321
51.6,0.15917,0.15613,-0.015879,-0.17107,-0.13539,0.074923,0.19272,0.057186,-0.15553,-0.16544
51.7,0.15887,0.15635,-0.014822,-0.17042,-0.13662,0.072562,0.19265,0.060394,-0.15296,-0.16758
51.8,0.15858,0.15657,-0.01377,-0.16975,-0.13783,0.070202,0.19253,0.063564,-0.15035,-0.16963
51.9,0.15828,0.15679,-0.012724,-0.16908,-0.13901,0.067844,0.19237,0.066696,-0.1477,-0.17158
52,0.15799,0.157,-0.011682,-0.1684,-0.14017,0.06549,0.19216,0.069788,-0.145,-0.17343
52.1,0.15769,0.15721,-0.010645,-0.16771,-0.14131,0.063138,0.19191,0.07284,-0.14226,-0.17518
52.2,0.1574,0.15741,-0.0096136,-0.16702,-0.14242,0.06079,0.19162,0.075853,-0.13949,-0.17684
52.3,0.15711,0.15761,-0.008587,-0.16633,-0.14352,0.058446,0.19129,0.078824,-0.13667,-0.17841
52.4,0.15682,0.15781,-0.0075655,-0.16562,-0.14459,0.056106,0.19091,0.081755,-0.13382,-0.17988
52.5,0.15653,0.15801,-0.0065491,-0.16491,-0.14564,0.053771,0.1905,0.084644,-0.13094,-0.18126
52.6,0.15624,0.1582,-0.0055377,-0.1642,-0.14667,0.051442,0.19004,0.087491,-0.12802,-0.18254
52.7,0.15595,0.15839,-0.0045314,-0.16348,-0.14767,0.049117,0.18955,0.090295,-0.12507,-0.18373
52.8,0.15566,0.15857,-0.0035301,-0.16275,-0.14866,0.046799,0.18902,0.093058,-0.1221,-0.18483
52.9,0.15538,0.15875,-0.0025339,-0.16202,-0.14962,0.044487,0.18845,0.095777,-0.11909,-0.18584
53,0.15509,0.15893,-0.0015427,-0.16129,-0.15056,0.042181,0.18784,0.098453,-0.11606,-0.18675
53.1,0.1548,0.1591,-0.00055663,-0.16055,-0.15149,0.039883,0.1872,0.10108,-0.11301,-0.18758
53.2,0.15452,0.15928,0.00042443,-0.1598,-0.15239,0.037592,0.18652,0.10367,-0.10993,-0.18832
53.3,0.15423,0.15944,0.0014004,-0.15905,-0.15327,0.035308,0.1858,0.10622,-0.10683,-0.18897
53.4,0.15395,0.15961,0.0023714,-0.15829,-0.15413,0.033032,0.18505,0.10872,-0.10371,-0.18953
53.5,0.15366,0.15977,0.0033374,-0.15753,-0.15497,0.030765,0.18427,0.11117,-0.10058,-0.19
53.6,0.15338,0.15993,0.0042983,-0.15677,-0.15578,0.028506,0.18345,0.11359,-0.097421,-0.19039
53.7,0.1531,0.16009,0.0052541,-0.156,-0.15658,0.026255,0.1826,0.11595,-0.094251,-0.1907
53.8,0.15282,0.16024,0.006205,-0.15522,-0.15736,0.024014,0.18172,0.11828,-0.091067,-0.19092
53.9,0.15254,0.16039,0.0071508,-0.15444,-0.15812,0.021782,0.1808,0.12055,-0.087869,-0.19106
54,0.15226,0.16054,0.0080917,-0.15366,-0.15886,0.01956,0.17986,0.12278,-0.084661,-0.19112
54.1,0.15198,0.16068,0.0090275,-0.15287,-0.15958,0.017348,0.17888,0.12497,-0.081442,-0.19109
54.2,0.1517,0.16083,0.0099583,-0.15208,-0.16028,0.015146,0.17788,0.12711,-0.078214,-0.19099
54.3,0.15142,0.16096,0.010884,-0.15129,-0.16097,0.012954,0.17685,0.12921,-0.074979,-0.19081
54.4,0.15114,0.1611,0.011805,-0.15049,-0.16163,0.010773,0.17578,0.13126,-0.071737,-0.19055
54.5,0.15086,0.16123,0.012721,-0.14969,-0.16227,0.008603,0.1747,0.13327,-0.068491,-0.19021
54.6,0.15059,0.16136,0.013632,-0.14888,-0.1629,0.0064438,0.17358,0.13523,-0.06524,-0.1898
54.7,0.15031,0.16149,0.014538,-0.14807,-0.16351,0.004296,0.17243,0.13715,-0.061987,-0.18932
54.8,0.15004,0.16162,0.015439,-0.14726,-0.1641,0.0021597,0.17126,0.13902,-0.058732,-0.18876
54.9,0.14976,0.16174,0.016335,-0.14644,-0.16467,3.5041e-05,0.17007,0.14084,-0.055477,-0.18813
55,0.14949,0.16186,0.017226,-0.14562,-0.16522,-0.0020777,0.16885,0.14262,-0.052223,-0.18743
55.1,0.14922,0.16197,0.018112,-0.1448,-0.16576,-0.0041783,0.16761,0.14436,-0.048971,-0.18666
55.2,0.14894,0.16209,0.018994,-0.14397,-0.16628,-0.0062666,0.16634,0.14605,-0.045721,-0.18582
55.3,0.14867,0.1622,0.01987,-0.14315,-0.16678,-0.0083424,0.16505,0.1477,-0.042476,-0.18492
55.4,0.1484,0.16231,0.020742,-0.14231,-0.16726,-0.010406,0.16373,0.1493,-0.039236,-0.18395
55.5,0.14813,0.16241,0.021609,-0.14148,-0.16773,-0.012456,0.1624,0.15086,-0.036002,-0.18291
55.6,0.14786,0.16252,0.02247,-0.14064,-0.16818,-0.014494,0.16104,0.15237,-0.032775,-0.18182
55.7,0.14759,0.16262,0.023327,-0.1398,-0.16861,-0.016518,0.15966,0.15384,-0.029556,-0.18066
55.8,0.14732,0.16272,0.02418,-0.13896,-0.16903,-0.018529,0.15826,0.15527,-0.026346,-0.17944
55.9,0.14706,0.16281,0.025027,-0.13812,-0.16943,-0.020527,0.15685,0.15665,-0.023146,-0.17816
56,0.14679,0.16291,0.025869,-0.13727,-0.16981,-0.022511,0.15541,0.15799,-0.019957,-0.17682
56.1,0.14652,0.163,0.026707,-0.13642,-0.17018,-0.024481,0.15395,0.15928,-0.016779,-0.17542
56.2,0.14626,0.16309,0.02754,-0.13557,-0.17053,-0.026438,0.15248,0.16054,-0.013614,-0.17397
56.3,0.14599,0.16318,0.028368,-0.13472,-0.17087,-0.02838,0.15098,0.16175,-0.010463,-0.17247
56.4,0.14573,0.16326,0.029192,-0.13386,-0.17119,-0.030309,0.14948,0.16291,-0.007326,-0.17091
56.5,0.14546,0.16334,0.03001,-0.133,-0.1715,-0.032224,0.14795,0.16404,-0.004204,-0.1693
56.6,0.1452,0.16342,0.030824,-0.13215,-0.17179,-0.034124,0.14641,0.16512,-0.0010978,-0.16764
56.7,0.14494,0.1635,0.031633,-0.13129,-0.17206,-0.03601,0.14485,0.16616,0.0019918,-0.16593
56.8,0.14467,0.16358,0.032438,-0.13042,-0.17232,-0.037881,0.14328,0.16716,0.0050641,-0.16417
56.9,0.14441,0.16365,0.033238,-0.12956,-0.17257,-0.039738,0.14169,0.16811,0.0081183,-0.16237
57,0.14415,0.16372,0.034033,-0.12869,-0.1728,-0.04158,0.14009,0.16903,0.011154,-0.16052
57.1,0.14389,0.16379,0.034823,-0.12783,-0.17301,-0.043408,0.13847,0.1699,0.01417,-0.15862
57.2,0.14363,0.16385,0.035609,-0.12696,-0.17322,-0.045221,0.13684,0.17074,0.017166,-0.15668
57.3,0.14337,0.16392,0.03639,-0.12609,-0.17341,-0.047018,0.1352,0.17153,0.020141,-0.1547
57.4,0.14311,0.16398,0.037167,-0.12522,-0.17358,-0.048801,0.13354,0.17229,0.023095,-0.15268
57.5,0.14286,0.16404,0.037938,-0.12435,-0.17374,-0.050569,0.13188,0.173,0.026027,-0.15062
57.6,0.1426,0.1641,0.038706,-0.12347,-0.17389,-0.052322,0.1302,0.17368,0.028936,-0.14852
57.7,0.14234,0.16416,0.039469,-0.1226,-0.17402,-0.05406,0.12851,0.17431,0.031822,-0.14639
57.8,0.14209,0.16421,0.040227,-0.12172,-0.17414,-0.055782,0.12681,0.17491,0.034685,-0.14422
57.9,0.14183,0.16426,0.04098,-0.12085,-0.17425,-0.057489,0.1251,0.17547,0.037523,-0.14201
58,0.14158,0.16431,0.04173,-0.11997,-0.17434,-0.059181,0.12338,0.17599,0.040337,-0.13977
58.1,0.14132,0.16436,0.042474,-0.11909,-0.17442,-0.060858,0.12165,0.17648,0.043126,-0.1375
58.2,0.14107,0.16441,0.043214,-0.11822,-0.17449,-0.062519,0.11991,0.17692,0.045889,-0.13519
58.3,0.14082,0.16445,0.04395,-0.11734,-0.17455,-0.064165,0.11817,0.17733,0.048626,-0.13286
58.4,0.14057,0.16449,0.044681,-0.11646,-0.17459,-0.065796,0.11641,0.17771,0.051336,-0.1305
58.5,0.14032,0.16453,0.045408,-0.11558,-0.17462,-0.067411,0.11465,0.17804,0.054019,-0.12811
58.6,0.14006,0.16457,0.04613,-0.1147,-0.17464,-0.06901,0.11288,0.17834,0.056676,-0.12569
58.7,0.13981,0.16461,0.046848,-0.11382,-0.17465,-0.070594,0.11111,0.17861,0.059304,-0.12325
58.8,0.13956,0.16464,0.047561,-0.11293,-0.17465,-0.072163,0.10932,0.17884,0.061904,-0.12079
58.9,0.13932,0.16467,0.048271,-0.11205,-0.17463,-0.073716,0.10754,0.17904,0.064476,-0.1183
59,0.13907,0.1647,0.048975,-0.11117,-0.1746,-0.075253,0.10574,0.1792,0.067019,-0.11578
59.1,0.13882,0.16473,0.049676,-0.11029,-0.17457,-0.076775,0.10394,0.17933,0.069533,-0.11325
59.2,0.13857,0.16476,0.050372,-0.10941,-0.17452,-0.078282,0.10214,0.17942,0.072017,-0.1107
59.3,0.13833,0.16479,0.051063,-0.10852,-0.17446,-0.079772,0.10033,0.17948,0.074472,-0.10813
59.4,0.13808,0.16481,0.051751,-0.10764,-0.17439,-0.081248,0.098513,0.17951,0.076896,-0.10554
59.5,0.13784,0.16483,0.052434,-0.10676,-0.1743,-0.082707,0.096695,0.1795,0.079291,-0.10293
59.6,0.13759,0.16485,0.053113,-0.10588,-0.17421,-0.084151,0.094873,0.17947,0.081655,-0.10031
59.7,0.13735,0.16487,0.053788,-0.105,-0.17411,-0.08558,0.093048,0.1794,0.083988,-0.09767
59.8,0.1371,0.16489,0.054458,-0.10411,-0.174,-0.086993,0.09122,0.1793,0.08629,-0.095018
59.9,0.13686,0.1649,0.055124,-0.10323,-0.17388,-0.086438,0.089389,0.17917,0.088561,-0.092354
60,0.13662,0.16492,0.055786,-0.10235,-0.17374,-0.087829,0.087556,0.17901,0.0908,-0.089677
60.1,0.13638,0.16493,0.056444,-0.10147,-0.1736,-0.089203,0.08572,0.17882,0.093008,-0.08699
60.2,0.13614,0.16494,0.057098,-0.10059,-0.17345,-0.090563,0.083884,0.17859,0.095184,-0.084292
60.3,0.1359,0.16495,0.057747,-0.099711,-0.17329,-0.091907,0.082045,0.17834,0.097328,-0.081585
60.4,0.13566,0.16496,0.058393,-0.098831,-0.17312,-0.093236,0.080205,0.17806,0.09944,-0.07887
60.5,0.13542,0.16496,0.059034,-0.097952,-0.17294,-0.09455,0.078365,0.17776,0.10152,-0.076147
60.6,0.13518,0.16497,0.059671,-0.097074,-0.17275,-0.095849,0.076524,0.17742,0.10357,-0.073418
60.7,0.13494,0.16497,0.060304,-0.096196,-0.17256,-0.097132,0.074683,0.17706,0.10558,-0.070683
60.8,0.1347,0.16497,0.060933,-0.095318,-0.17235,-0.0984,0.072841,0.17666,0.10757,-0.067943
60.9,0.13447,0.16497,0.061558,-0.094442,-0.17214,-0.099653,0.071,0.17625,0.10952,-0.065199
61,0.13423,0.16497,0.062179,-0.093566,-0.17192,-0.10089,0.06916,0.1758,0.11143,-0.062452
61.1,0.13399,0.16496,0.062796,-0.092691,-0.17169,-0.10211,0.06732,0.17533,0.11332,-0.059703
61.2,0.13376,0.16496,0.063409,-0.091817,-0.17145,-0.10332,0.065481,0.17483,0.11517,-0.056952
61.3,0.13352,0.16495,0.064018,-0.090943,-0.17121,-0.10451,0.063644,0.17431,0.11699,-0.054201
61.4,0.13329,0.16494,0.064623,-0.090071,-0.17095,-0.10569,0.061808,0.17376,0.11877,-0.051449
61.5,0.13306,0.16493,0.065225,-0.089199,-0.17069,-0.10686,0.059974,0.17319,0.12053,-0.048699
61.6,0.13282,0.16492,0.065822,-0.088328,-0.17043,-0.108,0.058142,0.17259,0.12225,-0.045949
61.7,0.13259,0.16491,0.066415,-0.087459,-0.17015,-0.10914,0.056312,0.17197,0.12393,-0.043203
61.8,0.13236,0.1649,0.067005,-0.08659,-0.16987,-0.11026,0.054485,0.17133,0.12559,-0.040459
61.9,0.13213,0.16488,0.06759,-0.085722,-0.16959,-0.11136,0.052661,0.17066,0.12721,-0.037718
62,0.1319,0.16487,0.068172,-0.084856,-0.16929,-0.11245,0.050839,0.16997,0.1288,-0.034983
62.1,0.13167,0.16485,0.06875,-0.08399,-0.16899,-0.11352,0.049021,0.16926,0.13035,-0.032252
62.2,0.13144,0.16483,0.069324,-0.083126,-0.16869,-0.11458,0.047206,0.16852,0.13187,-0.029527
62.3,0.13121,0.16481,0.069894,-0.082263,-0.16837,-0.11563,0.045394,0.16776,0.13336,-0.026808
62.4,0.13098,0.16479,0.070461,-0.081401,-0.16806,-0.11666,0.043587,0.16699,0.13482,-0.024096
62.5,0.13076,0.16477,0.071024,-0.080541,-0.16773,-0.11768,0.041783,0.16619,0.13624,-0.021392
62.6,0.13053,0.16474,0.071583,-0.079682,-0.16741,-0.11868,0.039983,0.16537,0.13764,-0.018696
62.7,0.1303,0.16472,0.072138,-0.078824,-0.16707,-0.11967,0.038188,0.16453,0.13899,-0.016009
62.8,0.13008,0.16469,0.07269,-0.077967,-0.16673,-0.12064,0.036398,0.16367,0.14032,-0.013332
62.9,0.12985,0.16467,0.073238,-0.077112,-0.16639,-0.1216,0.034612,0.16279,0.14161,-0.010664
63,0.12963,0.16464,0.073782,-0.076258,-0.16604,-0.12254,0.032831,0.16189,0.14288,-0.0080069
63.1,0.1294,0.16461,0.074323,-0.075406,-0.16569,-0.12348,0.031056,0.16098,0.14411,-0.005361
63.2,0.12918,0.16458,0.07486,-0.074555,-0.16533,-0.12439,0.029285,0.16004,0.1453,-0.0027267
63.3,0.12895,0.16454,0.075393,-0.073705,-0.16497,-0.1253,0.02752,0.15909,0.14647,-0.00010458
63.4,0.12873,0.16451,0.075923,-0.072857,-0.16461,-0.12619,0.025761,0.15812,0.1476,0.0025049
63.5,0.12851,0.16448,0.076449,-0.072011,-0.16424,-0.12706,0.024008,0.15713,0.1487,0.0051012
63.6,0.12829,0.16444,0.076972,-0.071166,-0.16386,-0.12792,0.02226,0.15613,0.14977,0.0076838
63.7,0.12807,0.1644,0.077491,-0.070323,-0.16349,-0.12877,0.020519,0.15511,0.15081,0.010252
63.8,0.12785,0.16436,0.078006,-0.069481,-0.1631,-0.12961,0.018783,0.15407,0.15182,0.012806
63.9,0.12763,0.16433,0.078518,-0.068641,-0.16272,-0.13043,0.017054,0.15302,0.15279,0.015345
64,0.12741,0.16428,0.079027,-0.067803,-0.16233,-0.13124,0.015332,0.15195,0.15374,0.017869
64.1,0.12719,0.16424,0.079532,-0.066966,-0.16194,-0.13203,0.013617,0.15086,0.15465,0.020376
64.2,0.12697,0.1642,0.080034,-0.066132,-0.16154,-0.13281,0.011908,0.14976,0.15554,0.022867
64.3,0.12675,0.16416,0.080532,-0.065298,-0.16114,-0.13358,0.010206,0.14865,0.15639,0.025342
64.4,0.12654,0.16411,0.081027,-0.064467,-0.16074,-0.13433,0.008511,0.14752,0.15721,0.027799
64.5,0.12632,0.16407,0.081518,-0.063637,-0.16033,-0.13508,0.0068234,0.14638,0.158,0.030239
64.6,0.1261,0.16402,0.082006,-0.062809,-0.15992,-0.13581,0.0051432,0.14522,0.15877,0.032661
64.7,0.12589,0.16397,0.082491,-0.061983,-0.1595,-0.13652,0.0034704,0.14405,0.1595,0.035065
64.8,0.12567,0.16392,0.082972,-0.061159,-0.15908,-0.13722,0.0018051,0.14287,0.1602,0.037451
64.9,0.12546,0.16387,0.08345,-0.060337,-0.15866,-0.13791,0.00014753,0.14168,0.16087,0.039817
65,0.12525,0.16382,0.083924,-0.059516,-0.15823,-0.13859,-0.0015023,0.14047,0.16152,0.042164
65.1,0.12503,0.16377,0.084396,-0.058698,-0.1578,-0.13926,-0.0031441,0.13925,0.16213,0.044492
65.2,0.12482,0.16372,0.084864,-0.057881,-0.15736,-0.13991,-0.004778,0.13802,0.16272,0.0468
65.3,0.12461,0.16367,0.085328,-0.057066,-0.15693,-0.14055,-0.0064038,0.13678,0.16328,0.049088
65.4,0.1244,0.16361,0.08579,-0.056253,-0.15648,-0.14118,-0.0080214,0.13553,0.1638,0.051355
65.5,0.12419,0.16356,0.086248,-0.055443,-0.15604,-0.14179,-0.0096307,0.13426,0.16431,0.053602
65.6,0.12397,0.1635,0.086703,-0.054634,-0.15559,-0.1424,-0.011232,0.13299,0.16478,0.055827
65.7,0.12376,0.16344,0.087155,-0.053827,-0.15513,-0.14299,-0.012824,0.13171,0.16522,0.058032
65.8,0.12355,0.16338,0.087603,-0.053022,-0.15467,-0.14357,-0.014408,0.13041,0.16564,0.060215
65.9,0.12335,0.16333,0.088049,-0.052219,-0.15421,-0.14413,-0.015983,0.12911,0.16603,0.062376
66,0.12314,0.16327,0.088491,-0.051418,-0.15375,-0.14469,-0.017549,0.12779,0.16639,0.064516
66.1,0.12293,0.1632,0.08893,-0.050619,-0.15328,-0.14523,-0.019107,0.12647,0.16673,0.066633
66.2,0.12272,0.16314,0.089366,-0.049823,-0.15281,-0.14576,-0.020656,0.12514,0.16704,0.068728
66.3,0.12251,0.16308,0.089799,-0.049028,-0.15233,-0.14628,-0.022196,0.1238,0.16732,0.070801
66.4,0.12231,0.16302,0.090229,-0.048236,-0.15185,-0.14679,-0.023726,0.12245,0.16757,0.072851
66.5,0.1221,0.16295,0.090656,-0.047445,-0.15137,-0.14729,-0.025248,0.1211,0.1678,0.074878
66.6,0.1219,0.16289,0.091079,-0.046657,-0.15088,-0.14777,-0.02676,0.11973,0.16801,0.076882
66.7,0.12169,0.16282,0.0915,-0.045871,-0.15039,-0.14825,-0.028264,0.11836,0.16819,0.078862
66.8,0.12149,0.16275,0.091917,-0.045087,-0.14989,-0.14871,-0.029758,0.11698,0.16834,0.08082
66.9,0.12128,0.16269,0.092332,-0.044305,-0.1494,-0.14916,-0.031242,0.1156,0.16847,0.082754
67,0.12108,0.16262,0.092744,-0.043525,-0.14889,-0.1496,-0.032717,0.11421,0.16857,0.084664
67.1,0.12088,0.16255,0.093152,-0.042748,-0.14839,-0.15003,-0.034183,0.11281,0.16865,0.08655
67.2,0.12067,0.16248,0.093558,-0.041972,-0.14788,-0.15045,-0.035639,0.1114,0.16871,0.088412
67.3,0.12047,0.16241,0.093961,-0.041199,-0.14737,-0.15085,-0.037086,0.10999,0.16874,0.090251
67.4,0.12027,0.16234,0.09436,-0.040428,-0.14686,-0.15125,-0.036868,0.10858,0.16875,0.092065
67.5,0.12007,0.16227,0.094757,-0.03966,-0.14634,-0.15164,-0.038297,0.10716,0.16873,0.093855
67.6,0.11987,0.16219,0.095151,-0.038893,-0.14582,-0.15201,-0.039717,0.10573,0.16869,0.095621
67.7,0.11967,0.16212,0.095542,-0.038129,-0.1453,-0.15238,-0.041126,0.1043,0.16863,0.097362
67.8,0.11947,0.16204,0.095931,-0.037367,-0.14477,-0.15273,-0.042526,0.10286,0.16854,0.099079
67.9,0.11927,0.16197,0.096316,-0.036607,-0.14424,-0.15308,-0.043917,0.10142,0.16843,0.10077
68,0.11907,0.16189,0.096699,-0.03585,-0.14371,-0.15341,-0.045297,0.099975,0.1683,0.10244
68.1,0.11887,0.16182,0.097078,-0.035095,-0.14318,-0.15373,-0.046668,0.098526,0.16815,0.10408
68.2,0.11868,0.16174,0.097455,-0.034342,-0.14264,-0.15405,-0.048029,0.097073,0.16797,0.1057
68.3,0.11848,0.16166,0.097829,-0.033591,-0.1421,-0.15435,-0.049381,0.095616,0.16778,0.10729
68.4,0.11828,0.16158,0.098201,-0.032843,-0.14155,-0.15464,-0.050722,0.094157,0.16756,0.10886
68.5,0.11809,0.1615,0.098569,-0.032097,-0.14101,-0.15493,-0.052053,0.092693,0.16732,0.1104
68.6,0.11789,0.16142,0.098935,-0.031354,-0.14046,-0.1552,-0.053375,0.091227,0.16706,0.11192
68.7,0.1177,0.16134,0.099298,-0.030612,-0.13991,-0.15547,-0.054686,0.089758,0.16678,0.11342
68.8,0.1175,0.16126,0.099659,-0.029873,-0.13936,-0.15572,-0.055987,0.088287,0.16648,0.11489
68.9,0.11731,0.16118,0.10002,-0.029137,-0.1388,-0.15597,-0.057279,0.086813,0.16616,0.11633
69,0.11712,0.1611,0.10037,-0.028402,-0.13824,-0.1562,-0.05856,0.085337,0.16582,0.11775
69.1,0.11692,0.16101,0.10072,-0.027671,-0.13768,-0.15643,-0.059832,0.08386,0.16546,0.11914
69.2,0.11673,0.16093,0.10107,-0.026941,-0.13712,-0.15665,-0.061093,0.08238,0.16508,0.12051
69.3,0.11654,0.16084,0.10142,-0.026214,-0.13655,-0.15685,-0.062344,0.080899,0.16468,0.12186
69.4,0.11635,0.16076,0.10177,-0.025489,-0.13599,-0.15705,-0.063585,0.079416,0.16426,0.12318
69.5,0.11615,0.16067,0.10211,-0.024766,-0.13542,-0.15724,-0.064816,0.077932,0.16383,0.12447
69.6,0.11596,0.16059,0.10245,-0.024046,-0.13485,-0.15742,-0.066037,0.076447,0.16337,0.12574
69.7,0.11577,0.1605,0.10278,-0.023328,-0.13427,-0.15759,-0.067248,0.074962,0.1629,0.12698
69.8,0.11558,0.16041,0.10312,-0.022613,-0.1337,-0.15776,-0.068448,0.073475,0.16241,0.1282
69.9,0.11539,0.16033,0.10345,-0.0219,-0.13312,-0.15791,-0.069639,0.071989,0.1619,0.1294
70,0.11521,0.16024,0.10378,-0.02119,-0.13254,-0.15806,-0.070819,0.070502,0.16138,0.13057
